SMITH	1	2442977	1	2376206	66771	2.8%	0
JOHNSON	2	1932812	2	1857160	75652	4.1%	0
WILLIAMS	3	1625252	3	1534042	91210	5.9%	0
BROWN	4	1437026	4	1380145	56881	4.1%	0
JONES	5	1425470	5	1362755	62715	4.6%	0
GARCIA	6	1166120	8	858289	307831	35.9%	2
MILLER	7	1161437	6	1127803	33634	3.0%	-1
DAVIS	8	1116357	7	1072335	44022	4.1%	-1
RODRIGUEZ	9	1094924	9	804240	290684	36.1%	0
MARTINEZ	10	1060159	11	775072	285087	36.8%	1
HERNANDEZ	11	1043281	15	706372	336909	47.7%	4
LOPEZ	12	874523	21	621536	252987	40.7%	9
GONZALEZ	13	841025	23	597718	243307	40.7%	10
WILSON	14	801882	10	783051	18831	2.4%	-4
ANDERSON	15	784404	12	762394	22010	2.9%	-3
THOMAS	16	756142	14	710696	45446	6.4%	-2
TAYLOR	17	751209	13	720370	30839	4.3%	-4
MOORE	18	724374	16	698671	25703	3.7%	-2
JACKSON	19	708099	18	666125	41974	6.3%	-1
MARTIN	20	702625	17	672711	29914	4.4%	-3
LEE	21	693023	22	605860	87163	14.4%	1
PEREZ	22	681645	29	488521	193124	39.5%	7
THOMPSON	23	664644	19	644368	20276	3.1%	-4
WHITE	24	660491	20	639515	20976	3.3%	-4
HARRIS	25	624252	24	593542	30710	5.2%	-1
SANCHEZ	26	612752	33	441242	171510	38.9%	7
CLARK	27	562679	25	548369	14310	2.6%	-2
RAMIREZ	28	557423	42	388987	168436	43.3%	14
LEWIS	29	531781	26	509930	21851	4.3%	-3
ROBINSON	30	529821	27	503028	26793	5.3%	-3
WALKER	31	523129	28	501307	21822	4.4%	-3
YOUNG	32	484447	31	465948	18499	4.0%	-1
ALLEN	33	482607	32	463368	19239	4.2%	-1
KING	34	465422	35	438986	26436	6.0%	1
WRIGHT	35	458980	34	440367	18613	4.2%	-1
SCOTT	36	439530	36	420091	19439	4.6%	0
TORRES	37	437813	50	325169	112644	34.6%	13
NGUYEN	38	437645	57	310125	127520	41.1%	19
HILL	39	434827	41	411770	23057	5.6%	2
FLORES	40	433969	55	312615	121354	38.8%	15
GREEN	41	430182	37	413477	16705	4.0%	-4
ADAMS	42	427865	39	413086	14779	3.6%	-3
NELSON	43	424958	40	412236	12722	3.1%	-3
BAKER	44	419586	38	413351	6235	1.5%	-6
HALL	45	407076	30	473568	-66492	-14.0%	-15
RIVERA	46	391114	59	299463	91651	30.6%	13
CAMPBELL	47	386157	43	371953	14204	3.8%	-4
MITCHELL	48	384486	44	367433	17053	4.6%	-4
CARTER	49	376966	46	362548	14418	4.0%	-3
ROBERTS	50	376774	45	366215	10559	2.9%	-5
GOMEZ	51	365655	68	263590	102065	38.7%	17
PHILLIPS	52	360802	47	351848	8954	2.5%	-5
EVANS	53	355593	48	342237	13356	3.9%	-5
TURNER	54	348627	49	335663	12964	3.9%	-5
DIAZ	55	347636	73	251772	95864	38.1%	18
PARKER	56	336221	51	324246	11975	3.7%	-5
CRUZ	57	334201	82	231065	103136	44.6%	25
EDWARDS	58	332423	53	317070	15353	4.8%	-5
COLLINS	59	329770	52	317848	11922	3.8%	-7
REYES	60	327904	81	232511	95393	41.0%	21
STEWART	61	324957	54	312899	12058	3.9%	-7
MORRIS	62	318884	56	311754	7130	2.3%	-6
MORALES	63	311777	90	217642	94135	43.3%	27
MURPHY	64	308417	58	300501	7916	2.6%	-6
COOK	65	302589	60	294795	7794	2.6%	-5
ROGERS	66	302261	61	294403	7858	2.7%	-5
GUTIERREZ	67	293218	96	212905	80313	37.7%	29
ORTIZ	68	286899	94	214683	72216	33.6%	26
MORGAN	69	286280	62	276400	9880	3.6%	-7
COOPER	70	280791	64	270097	10694	4.0%	-6
PETERSON	71	278297	63	275041	3256	1.2%	-8
BAILEY	72	277845	66	265916	11929	4.5%	-6
REED	73	277030	65	267443	9587	3.6%	-8
KELLY	74	267394	69	260385	7009	2.7%	-5
HOWARD	75	264826	70	254779	10047	3.9%	-5
RAMOS	76	263464	112	193096	70368	36.4%	36
KIM	77	262352	109	194067	68285	35.2%	32
COX	78	261231	72	253771	7460	2.9%	-6
WARD	79	260464	71	254121	6343	2.5%	-8
RICHARDSON	80	259798	74	249533	10265	4.1%	-6
WATSON	81	252579	76	242432	10147	4.2%	-5
BROOKS	82	251663	77	240751	10912	4.5%	-5
CHAVEZ	83	250898	118	185865	65033	35.0%	35
WOOD	84	250715	75	247299	3416	1.4%	-9
JAMES	85	249379	80	233224	16155	6.9%	-5
BENNETT	86	247599	78	239055	8544	3.6%	-8
GRAY	87	246116	79	236713	9403	4.0%	-8
MENDOZA	88	242771	134	168567	74204	44.0%	46
RUIZ	89	238234	129	175429	62805	35.8%	40
HUGHES	90	236271	83	229390	6881	3.0%	-7
PRICE	91	235251	84	228756	6495	2.8%	-7
ALVAREZ	92	233983	132	168817	65166	38.6%	40
CASTILLO	93	230420	135	165473	64947	39.2%	42
SANDERS	94	230374	88	220902	9472	4.3%	-6
PATEL	95	229973	172	145066	84907	58.5%	77
MYERS	96	229895	85	224824	5071	2.3%	-11
LONG	97	229374	86	223494	5880	2.6%	-11
ROSS	98	229368	89	219961	9407	4.3%	-9
FOSTER	99	227764	87	221040	6724	3.0%	-12
JIMENEZ	100	227118	147	157475	69643	44.2%	47
POWELL	101	224874	91	216553	8321	3.8%	-10
JENKINS	102	222653	95	213737	8916	4.2%	-7
PERRY	103	221741	97	212644	9097	4.3%	-6
RUSSELL	104	221558	93	215432	6126	2.8%	-11
SULLIVAN	105	220990	92	215640	5350	2.5%	-13
BELL	106	220599	67	264752	-44153	-16.7%	-39
COLEMAN	107	219070	102	208624	10446	5.0%	-5
BUTLER	108	218847	98	210879	7968	3.8%	-10
HENDERSON	109	218393	101	210094	8299	4.0%	-8
BARNES	110	218241	99	210426	7815	3.7%	-11
GONZALES	111	214758	110	193934	20824	10.7%	-1
FISHER	112	214703	100	210279	4424	2.1%	-12
VASQUEZ	113	212781	143	159989	52792	33.0%	30
SIMMONS	114	210182	103	201650	8532	4.2%	-11
ROMERO	115	208614	154	153772	54842	35.7%	39
JORDAN	116	208403	105	197212	11191	5.7%	-11
PATTERSON	117	205423	104	198557	6866	3.5%	-13
ALEXANDER	118	204621	111	193443	11178	5.8%	-7
HAMILTON	119	201746	107	194331	7415	3.8%	-12
GRAHAM	120	201159	108	194074	7085	3.7%	-12
REYNOLDS	121	200247	106	195598	4649	2.4%	-15
GRIFFIN	122	198406	114	190636	7770	4.1%	-8
WALLACE	123	197276	113	190760	6516	3.4%	-10
MORENO	124	196925	170	146088	50837	34.8%	46
WEST	125	195818	115	188464	7354	3.9%	-10
COLE	126	195289	116	187793	7496	4.0%	-10
HAYES	127	194246	117	187473	6773	3.6%	-10
BRYANT	128	192773	120	183761	9012	4.9%	-8
HERRERA	129	192711	175	140786	51925	36.9%	46
GIBSON	130	190667	119	184420	6247	3.4%	-11
ELLIS	131	188968	121	181934	7034	3.9%	-10
TRAN	132	188498	188	136095	52403	38.5%	56
MEDINA	133	188497	176	139353	49144	35.3%	43
AGUILAR	134	186512	213	126399	60113	47.6%	79
STEVENS	135	185674	122	181417	4257	2.3%	-13
MURRAY	136	184910	123	178414	6496	3.6%	-13
FORD	137	184832	124	178397	6435	3.6%	-13
CASTRO	138	184134	194	133254	50880	38.2%	56
MARSHALL	139	183922	125	177213	6709	3.8%	-14
OWENS	140	182719	126	176334	6385	3.6%	-14
HARRISON	141	181091	128	175577	5514	3.1%	-13
FERNANDEZ	142	180842	178	139302	41540	29.8%	36
MCDONALD	143	180497	127	176094	4403	2.5%	-16
WOODS	144	177425	133	168814	8611	5.1%	-11
WASHINGTON	145	177386	138	163036	14350	8.8%	-7
KENNEDY	146	176865	130	171636	5229	3.0%	-16
WELLS	147	176230	131	170635	5595	3.3%	-16
VARGAS	148	173835	221	123952	49883	40.2%	73
HENRY	149	170964	142	161392	9572	5.9%	-7
CHEN	150	169580	260	105544	64036	60.7%	110
FREEMAN	151	169149	140	162686	6463	4.0%	-11
WEBB	152	168878	137	163481	5397	3.3%	-15
TUCKER	153	167446	139	162933	4513	2.8%	-14
GUZMAN	154	167044	230	118390	48654	41.1%	76
BURNS	155	165925	141	162153	3772	2.3%	-14
CRAWFORD	156	164457	146	158121	6336	4.0%	-10
OLSON	157	164035	136	163502	533	0.3%	-21
SIMPSON	158	163181	145	158241	4940	3.1%	-13
PORTER	159	163054	148	156848	6206	4.0%	-11
HUNTER	160	162440	153	154410	8030	5.2%	-7
GORDON	161	161833	151	154934	6899	4.5%	-10
MENDEZ	162	161717	242	112736	48981	43.4%	80
SILVA	163	161633	214	126164	35469	28.1%	51
SHAW	164	160400	150	155172	5228	3.4%	-14
SNYDER	165	160262	144	159363	899	0.6%	-21
MASON	166	160213	149	155484	4729	3.0%	-17
DIXON	167	159480	156	152015	7465	4.9%	-11
MUNOZ	168	158483	232	117774	40709	34.6%	64
HUNT	169	158421	157	151986	6435	4.2%	-12
HICKS	170	158320	155	153618	4702	3.1%	-15
HOLMES	171	156780	161	150166	6614	4.4%	-10
PALMER	172	156601	158	150407	6194	4.1%	-14
WAGNER	173	155795	152	154516	1279	0.8%	-21
BLACK	174	154738	160	150186	4552	3.0%	-14
ROBERTSON	175	153666	159	150299	3367	2.2%	-16
BOYD	176	153469	164	149476	3993	2.7%	-12
ROSE	177	153397	168	146924	6473	4.4%	-9
STONE	178	153329	162	149802	3527	2.4%	-16
SALAZAR	179	152703	240	113468	39235	34.6%	61
FOX	180	152334	167	147357	4977	3.4%	-13
WARREN	181	152147	166	147906	4241	2.9%	-15
MILLS	182	151942	165	147909	4033	2.7%	-17
MEYER	183	150895	163	149664	1231	0.8%	-20
RICE	184	149500	169	146440	3060	2.1%	-15
SCHMIDT	185	147034	171	145565	1469	1.0%	-14
GARZA	186	147005	220	124130	22875	18.4%	34
DANIELS	187	146570	180	138776	7794	5.6%	-7
FERGUSON	188	146426	173	142256	4170	2.9%	-15
NICHOLS	189	145584	174	141936	3648	2.6%	-15
STEPHENS	190	144646	181	138742	5904	4.3%	-9
SOTO	191	144451	257	106631	37820	35.5%	66
WEAVER	192	143837	179	138811	5026	3.6%	-13
RYAN	193	143452	177	139335	4117	3.0%	-16
GARDNER	194	142894	182	138660	4234	3.1%	-12
PAYNE	195	142601	183	138028	4573	3.3%	-12
GRANT	196	142277	192	134034	8243	6.1%	-4
DUNN	197	141427	185	136955	4472	3.3%	-12
KELLEY	198	140693	184	137555	3138	2.3%	-14
SPENCER	199	139951	189	134443	5508	4.1%	-10
HAWKINS	200	139751	191	134066	5685	4.2%	-9
ARNOLD	201	138893	187	136315	2578	1.9%	-14
PIERCE	202	138629	186	136517	2112	1.5%	-16
VAZQUEZ	203	138322	328	84926	53396	62.9%	125
HANSEN	204	137977	193	133474	4503	3.4%	-11
PETERS	205	137513	190	134231	3282	2.4%	-15
SANTOS	206	137232	279	98993	38239	38.6%	73
HART	207	137184	196	132466	4718	3.6%	-11
BRADLEY	208	136720	200	131289	5431	4.1%	-8
KNIGHT	209	136713	199	131860	4853	3.7%	-10
ELLIOTT	210	135765	197	132457	3308	2.5%	-13
CUNNINGHAM	211	135718	198	131896	3822	2.9%	-13
DUNCAN	212	135187	203	130419	4768	3.7%	-9
ARMSTRONG	213	135044	204	129982	5062	3.9%	-9
HUDSON	214	134963	202	130793	4170	3.2%	-12
CARROLL	215	134317	201	131020	3297	2.5%	-14
LANE	216	134227	209	128727	5500	4.3%	-7
RILEY	217	133872	210	127960	5912	4.6%	-7
ANDREWS	218	133799	206	129320	4479	3.5%	-12
ALVARADO	219	133501	294	93723	39778	42.4%	75
RAY	220	133171	208	128794	4377	3.4%	-12
DELGADO	221	132985	282	98675	34310	34.8%	61
BERRY	222	132812	205	129405	3407	2.6%	-17
PERKINS	223	131440	212	126951	4489	3.5%	-11
HOFFMAN	224	131401	195	132645	-1244	-0.9%	-29
JOHNSTON	225	131373	207	128935	2438	1.9%	-18
MATTHEWS	226	131303	217	124839	6464	5.2%	-9
PENA	227	130776	284	98345	32431	33.0%	57
RICHARDS	228	130529	215	125653	4876	3.9%	-13
CONTRERAS	229	130164	299	92660	37504	40.5%	70
WILLIS	230	130152	216	125627	4525	3.6%	-14
CARPENTER	231	129898	211	127073	2825	2.2%	-20
LAWRENCE	232	129699	219	124321	5378	4.3%	-13
SANDOVAL	233	128948	287	96303	32645	33.9%	54
GUERRERO	234	128677	291	94152	34525	36.7%	57
GEORGE	235	128625	227	119778	8847	7.4%	-8
CHAPMAN	236	127939	218	124614	3325	2.7%	-18
RIOS	237	127794	285	96569	31225	32.3%	48
ESTRADA	238	127470	298	92831	34639	37.3%	60
ORTEGA	239	127256	296	93131	34125	36.6%	57
WATKINS	240	127083	222	122447	4636	3.8%	-18
GREENE	241	126101	228	119604	6497	5.4%	-13
NUNEZ	242	125350	306	90208	35142	39.0%	64
WHEELER	243	125058	223	121684	3374	2.8%	-20
VALDEZ	244	124995	283	98610	26385	26.8%	39
HARPER	245	124461	226	119868	4593	3.8%	-19
BURKE	246	122877	229	119175	3702	3.1%	-17
LARSON	247	122587	224	121064	1523	1.3%	-23
SANTIAGO	248	122212	302	90967	31245	34.3%	54
MALDONADO	249	121526	316	88016	33510	38.1%	67
MORRISON	250	121130	231	117939	3191	2.7%	-19
FRANKLIN	251	120621	236	114859	5762	5.0%	-15
CARLSON	252	120552	225	120124	428	0.4%	-27
AUSTIN	253	119706	241	113160	6546	5.8%	-12
DOMINGUEZ	254	119304	334	83731	35573	42.5%	80
CARR	255	119076	239	113892	5184	4.6%	-16
LAWSON	256	119053	235	115186	3867	3.4%	-21
JACOBS	257	118614	233	115540	3074	2.7%	-24
OBRIEN	258	118557	234	115385	3172	2.7%	-24
LYNCH	259	117708	237	114448	3260	2.8%	-22
SINGH	260	116749	396	72642	44107	60.7%	136
VEGA	261	116673	318	87728	28945	33.0%	57
BISHOP	262	116618	238	114034	2584	2.3%	-24
MONTGOMERY	263	115953	246	112144	3809	3.4%	-17
OLIVER	264	115900	248	111641	4259	3.8%	-16
JENSEN	265	115679	244	112332	3347	3.0%	-21
HARVEY	266	115662	247	112136	3526	3.1%	-19
WILLIAMSON	267	114959	245	112216	2743	2.4%	-22
GILBERT	268	114940	243	112406	2534	2.3%	-25
DEAN	269	114030	250	109230	4800	4.4%	-19
SIMS	270	113374	254	107244	6130	5.7%	-16
ESPINOZA	271	112154	360	79322	32832	41.4%	89
HOWELL	272	112041	249	109634	2407	2.2%	-23
LI	273	111786	519	57786	54000	93.4%	246
WONG	274	111371	277	99392	11979	12.1%	3
REID	275	111360	263	104007	7353	7.1%	-12
HANSON	276	111144	251	109079	2065	1.9%	-25
LE	277	110967	368	77453	33514	43.3%	91
MCCOY	278	110744	258	106481	4263	4.0%	-20
GARRETT	279	110697	253	107777	2920	2.7%	-26
BURTON	280	110529	255	107158	3371	3.1%	-25
FULLER	281	110116	256	106682	3434	3.2%	-25
WANG	282	109883	438	67570	42313	62.6%	156
WEBER	283	109433	252	107866	1567	1.5%	-31
WELCH	284	108987	259	105804	3183	3.0%	-25
ROJAS	285	108421	393	73071	35350	48.4%	108
LUCAS	286	107690	275	100417	7273	7.2%	-11
MARQUEZ	287	107533	357	79951	27582	34.5%	70
FIELDS	288	107522	264	103242	4280	4.1%	-24
PARK	289	106696	343	81890	24806	30.3%	54
YANG	290	106033	397	72627	33406	46.0%	107
LITTLE	291	105936	266	102718	3218	3.1%	-25
BANKS	292	105833	278	99294	6539	6.6%	-14
PADILLA	293	105365	345	81805	23560	28.8%	52
DAY	294	105091	271	101676	3415	3.4%	-23
WALSH	295	105079	265	103216	1863	1.8%	-30
BOWMAN	296	105007	268	102239	2768	2.7%	-28
SCHULTZ	297	104888	261	104962	-74	-0.1%	-36
LUNA	298	104518	378	76127	28391	37.3%	80
FOWLER	299	104515	267	102620	1895	1.8%	-32
MEJIA	300	104057	448	66534	37523	56.4%	148
DAVIDSON	301	103930	269	102044	1886	1.8%	-32
ACOSTA	302	103418	377	76477	26941	35.2%	75
BREWER	303	103318	274	100465	2853	2.8%	-29
MAY	304	103306	270	101726	1580	1.6%	-34
HOLLAND	305	102538	276	99885	2653	2.7%	-29
JUAREZ	306	101949	429	68785	33164	48.2%	123
NEWMAN	307	101931	273	100491	1440	1.4%	-34
PEARSON	308	101836	281	98728	3108	3.1%	-27
CURTIS	309	101801	280	98958	2843	2.9%	-29
CORTEZ	310	101694	367	77492	24202	31.2%	57
DOUGLAS	311	101458	286	96425	5033	5.2%	-25
SCHNEIDER	312	101290	272	100553	737	0.7%	-40
JOSEPH	313	100959	356	80030	20929	26.2%	43
BARRETT	314	100104	288	95896	4208	4.4%	-26
NAVARRO	315	99807	388	73970	25837	34.9%	73
FIGUEROA	316	98468	398	72533	25935	35.8%	82
KELLER	317	98268	290	94300	3968	4.2%	-27
AVILA	318	97314	421	69843	27471	39.3%	103
WADE	319	97040	297	92834	4206	4.5%	-22
MOLINA	320	96979	417	70211	26768	38.1%	97
STANLEY	321	96867	292	93817	3050	3.3%	-29
HOPKINS	322	96810	289	94603	2207	2.3%	-33
CAMPOS	323	96111	420	69950	26161	37.4%	97
BARNETT	324	95681	300	92287	3394	3.7%	-24
BATES	325	95622	293	93743	1879	2.0%	-32
CHAMBERS	326	94988	305	90325	4663	5.2%	-21
CALDWELL	327	93944	301	91338	2606	2.9%	-26
BECK	328	93786	295	93161	625	0.7%	-33
LAMBERT	329	93678	303	90618	3060	3.4%	-26
MIRANDA	330	93628	437	67646	25982	38.4%	107
BYRD	331	92904	311	88811	4093	4.6%	-20
CRAIG	332	92507	307	89591	2916	3.3%	-25
AYALA	333	92463	449	66515	25948	39.0%	116
LOWE	334	92260	309	89178	3082	3.5%	-25
FRAZIER	335	92152	314	88325	3827	4.3%	-21
POWERS	336	91970	304	90401	1569	1.7%	-32
NEAL	337	91694	333	83849	7845	9.4%	-4
LEONARD	338	91475	308	89198	2277	2.6%	-30
GREGORY	339	91384	312	88810	2574	2.9%	-27
CARRILLO	340	91129	443	67054	24075	35.9%	103
SUTTON	341	90964	319	87373	3591	4.1%	-22
FLEMING	342	90677	317	87949	2728	3.1%	-25
RHODES	343	90670	310	88917	1753	2.0%	-33
SHELTON	344	90517	313	88326	2191	2.5%	-31
SCHWARTZ	345	90071	330	84699	5372	6.3%	-15
NORRIS	346	89796	326	85212	4584	5.4%	-20
JENNINGS	347	89700	321	87038	2662	3.1%	-26
WATTS	348	89649	324	86228	3421	4.0%	-24
DURAN	349	89401	434	68046	21355	31.4%	85
WALTERS	350	89376	262	104281	-14905	-14.3%	-88
COHEN	351	89091	320	87226	1865	2.1%	-31
MCDANIEL	352	88728	323	86317	2411	2.8%	-29
MORAN	353	88615	362	78546	10069	12.8%	9
PARKS	354	88586	322	86346	2240	2.6%	-32
STEELE	355	88230	331	84353	3877	4.6%	-24
VAUGHN	356	88060	327	85037	3023	3.6%	-29
BECKER	357	87859	315	88114	-255	-0.3%	-42
HOLT	358	87531	329	84710	2821	3.3%	-29
DELEON	359	87414	460	65598	21816	33.3%	101
BARKER	360	87162	325	85221	1941	2.3%	-35
TERRY	361	87000	336	83437	3563	4.3%	-25
HALE	362	86618	338	82955	3663	4.4%	-24
LEON	363	86363	483	62034	24329	39.2%	120
HAIL	364	86240	10323	2860	83380	2915.4%	9959
BENSON	365	86081	332	84233	1848	2.2%	-33
HAYNES	366	85974	341	82037	3937	4.8%	-25
HORTON	367	85195	335	83523	1672	2.0%	-32
MILES	368	84942	342	81933	3009	3.7%	-26
LYONS	369	84516	339	82258	2258	2.7%	-30
PHAM	370	84320	498	59949	24371	40.7%	128
GRAVES	371	84179	340	82179	2000	2.4%	-31
BUSH	372	84018	346	81524	2494	3.1%	-26
THORNTON	373	83967	347	81191	2776	3.4%	-26
WOLFE	374	83928	337	83112	816	1.0%	-37
WARNER	375	83781	344	81824	1957	2.4%	-31
CABRERA	376	83621	524	57171	26450	46.3%	148
MCKINNEY	377	83616	353	80616	3000	3.7%	-24
MANN	378	83510	349	81022	2488	3.1%	-29
ZIMMERMAN	379	83265	350	80944	2321	2.9%	-29
DAWSON	380	83182	355	80190	2992	3.7%	-25
LARA	381	83067	501	59731	23336	39.1%	120
FLETCHER	382	83063	352	80932	2131	2.6%	-30
PAGE	383	82992	354	80493	2499	3.1%	-29
MCCARTHY	384	82950	348	81035	1915	2.4%	-36
LOVE	385	82873	363	78323	4550	5.8%	-22
ROBLES	386	82458	489	61619	20839	33.8%	103
CERVANTES	387	82161	520	57685	24476	42.4%	133
SOLIS	388	82146	497	60045	22101	36.8%	109
ERICKSON	389	82085	351	80936	1149	1.4%	-38
REEVES	390	81978	358	79817	2161	2.7%	-32
CHANG	391	81939	424	69756	12183	17.5%	33
KLEIN	392	81471	359	79685	1786	2.2%	-33
SALINAS	393	81156	490	61582	19574	31.8%	97
FUENTES	394	81006	530	56441	24565	43.5%	136
BALDWIN	395	80742	361	79151	1591	2.0%	-34
DANIEL	396	80526	380	75135	5391	7.2%	-16
SIMON	397	80460	383	74839	5621	7.5%	-14
VELASQUEZ	398	80364	525	57163	23201	40.6%	127
HARDY	399	80252	374	76608	3644	4.8%	-25
HIGGINS	400	79803	365	78107	1696	2.2%	-35
AGUIRRE	401	79517	508	58918	20599	35.0%	107
LIN	402	79508	624	49360	30148	61.1%	222
CUMMINGS	403	79316	372	76707	2609	3.4%	-31
CHANDLER	404	79186	379	76114	3072	4.0%	-25
SHARP	405	78990	371	76868	2122	2.8%	-34
BARBER	406	78848	376	76504	2344	3.1%	-30
BOWEN	407	78822	370	77078	1744	2.3%	-37
OCHOA	408	78677	523	57210	21467	37.5%	115
DENNIS	409	78482	384	74784	3698	4.9%	-25
ROBBINS	410	78381	364	78141	240	0.3%	-46
LIU	411	78370	650	47665	30705	64.4%	239
RAMSEY	412	78350	373	76625	1725	2.3%	-39
FRANCIS	413	78327	406	71723	6604	9.2%	-7
GRIFFITH	414	78260	369	77429	831	1.1%	-45
PAUL	415	78256	401	72248	6008	8.3%	-14
BLAIR	416	78026	380	75135	2891	3.8%	-36
OCONNOR	417	77923	385	74756	3167	4.2%	-32
CARDENAS	418	77652	529	56618	21034	37.2%	111
PACHECO	419	77642	512	58534	19108	32.6%	93
CROSS	420	77557	382	75134	2423	3.2%	-38
CALDERON	421	77085	550	54691	22394	40.9%	129
QUINN	422	76986	386	74531	2455	3.3%	-36
MOSS	423	76908	389	73750	3158	4.3%	-34
SWANSON	424	76897	375	76539	358	0.5%	-49
CHAN	425	76664	459	65719	10945	16.7%	34
RIVAS	426	76205	553	54588	21617	39.6%	127
KHAN	427	76171	665	46713	29458	63.1%	238
RODGERS	428	76095	394	73021	3074	4.2%	-34
SERRANO	429	75996	545	55057	20939	38.0%	116
FITZGERALD	430	75356	390	73522	1834	2.5%	-40
ROSALES	431	75185	595	51336	23849	46.5%	164
STEVENSON	432	75169	395	72892	2277	3.1%	-37
CHRISTENSEN	433	75143	412	71144	3999	5.6%	-21
MANNING	434	74949	402	72069	2880	4.0%	-32
GILL	435	74948	430	68699	6249	9.1%	-5
CURRY	436	74919	410	71344	3575	5.0%	-26
MCLAUGHLIN	437	74816	392	73128	1688	2.3%	-45
HARMON	438	74737	399	72414	2323	3.2%	-39
MCGEE	439	74542	404	71925	2617	3.6%	-35
GROSS	440	74503	387	74285	218	0.3%	-53
DOYLE	441	74458	391	73518	940	1.3%	-50
GARNER	442	74324	403	72052	2272	3.2%	-39
NEWTON	443	74092	400	72328	1764	2.4%	-43
BURGESS	444	73931	407	71604	2327	3.2%	-37
REESE	445	73919	405	71754	2165	3.0%	-40
WALTON	446	73854	414	70997	2857	4.0%	-32
BLAKE	447	73797	425	69279	4518	6.5%	-22
TRUJILLO	448	73664	504	59609	14055	23.6%	56
ADKINS	449	73599	408	71528	2071	2.9%	-41
BRADY	450	73145	411	71175	1970	2.8%	-39
GOODMAN	451	73136	409	71482	1654	2.3%	-42
ROMAN	452	72918	507	59020	13898	23.5%	55
WEBSTER	453	72625	418	70123	2502	3.6%	-35
GOODWIN	454	72451	415	70333	2118	3.0%	-39
FISCHER	455	72357	419	70095	2262	3.2%	-36
HUANG	456	72328	697	44715	27613	61.8%	241
POTTER	457	72175	413	71103	1072	1.5%	-44
DELACRUZ	458	72109	629	49158	22951	46.7%	171
MONTOYA	459	71844	526	57075	14769	25.9%	67
TODD	460	71759	423	69810	1949	2.8%	-37
WU	461	71721	683	45815	25906	56.5%	222
HINES	462	71717	432	68145	3572	5.2%	-30
MULLINS	463	71646	416	70286	1360	1.9%	-47
CASTANEDA	464	71368	600	51089	20279	39.7%	136
MALONE	465	71286	426	69257	2029	2.9%	-39
CANNON	466	71085	436	67923	3162	4.7%	-30
TATE	467	71058	440	67208	3850	5.7%	-27
MACK	468	71056	441	67154	3902	5.8%	-27
SHERMAN	469	70502	422	69840	662	0.9%	-47
HUBBARD	470	70362	435	68021	2341	3.4%	-35
HODGES	471	70223	428	68868	1355	2.0%	-43
ZHANG	472	70125	963	33202	36923	111.2%	491
GUERRA	473	70071	554	54575	15496	28.4%	81
WOLF	474	70031	427	68905	1126	1.6%	-47
VALENCIA	475	70000	616	50026	19974	39.9%	141
FRANCO	476	69943	571	53161	16782	31.6%	95
SAUNDERS	476	69943	439	67210	2733	4.1%	-37
ROWE	478	69879	452	66205	3674	5.5%	-26
GALLAGHER	479	69834	433	68075	1759	2.6%	-46
FARMER	480	69617	431	68309	1308	1.9%	-49
HAMMOND	481	69515	442	67063	2452	3.7%	-39
HAMPTON	482	69472	451	66378	3094	4.7%	-31
TOWNSEND	483	69360	444	66853	2507	3.8%	-39
INGRAM	484	69345	446	66665	2680	4.0%	-38
WISE	485	68649	445	66738	1911	2.9%	-40
GALLEGOS	486	68373	551	54672	13701	25.1%	65
CLARKE	487	68281	476	62546	5735	9.2%	-11
BARTON	488	68233	447	66622	1611	2.4%	-41
SCHROEDER	489	67977	450	66412	1565	2.4%	-39
MAXWELL	490	67961	458	65779	2182	3.3%	-32
WATERS	491	67929	455	65817	2112	3.2%	-36
LOGAN	492	67909	465	64576	3333	5.2%	-27
CAMACHO	493	67893	630	49000	18893	38.6%	137
STRICKLAND	494	67769	456	65814	1955	3.0%	-38
NORMAN	495	67704	461	65269	2435	3.7%	-34
PERSON	496	67411	1719	19129	48282	252.4%	1223
COLON	497	67338	539	55512	11826	21.3%	42
PARSONS	498	67310	453	66203	1107	1.7%	-45
FRANK	499	67304	454	65918	1386	2.1%	-45
HARRINGTON	500	66959	462	65131	1828	2.8%	-38
GLOVER	501	66858	468	64180	2678	4.2%	-33
OSBORNE	502	66827	457	65802	1025	1.6%	-45
BUCHANAN	503	66648	471	63825	2823	4.4%	-32
CASEY	504	66556	463	64815	1741	2.7%	-41
FLOYD	505	66454	469	64141	2313	3.6%	-36
PATTON	506	66293	464	64772	1521	2.3%	-42
IBARRA	507	66063	662	46895	19168	40.9%	155
BALL	508	66059	366	77561	-11502	-14.8%	-142
TYLER	509	66056	477	62534	3522	5.6%	-32
SUAREZ	510	66013	658	47235	18778	39.8%	148
BOWERS	511	66003	466	64496	1507	2.3%	-45
OROZCO	512	65904	690	45289	20615	45.5%	178
SALAS	513	65468	643	48282	17186	35.6%	130
COBB	514	65125	472	63739	1386	2.2%	-42
GIBBS	515	65064	478	62514	2550	4.1%	-37
ANDRADE	516	65037	666	46702	18335	39.3%	150
BAUER	517	65004	484	61979	3025	4.9%	-33
CONNER	518	64572	480	62335	2237	3.6%	-38
MOODY	519	64429	479	62344	2085	3.3%	-40
ESCOBAR	520	64403	723	42955	21448	49.9%	203
MCGUIRE	521	64327	482	62116	2211	3.6%	-39
LLOYD	522	64202	493	61154	3048	5.0%	-29
MUELLER	523	64191	467	64305	-114	-0.2%	-56
HARTMAN	524	64106	470	63827	279	0.4%	-54
FRENCH	525	63991	473	63149	842	1.3%	-52
KRAMER	526	63936	474	63023	913	1.4%	-52
MCBRIDE	527	63899	495	60874	3025	5.0%	-32
POPE	528	63881	486	61750	2131	3.5%	-42
LINDSEY	529	63760	492	61199	2561	4.2%	-37
VELAZQUEZ	530	63736	789	40030	23706	59.2%	259
NORTON	531	63722	485	61805	1917	3.1%	-46
MCCORMICK	532	63649	475	62663	986	1.6%	-57
SPARKS	533	63440	481	62234	1206	1.9%	-52
FLYNN	534	63400	487	61747	1653	2.7%	-47
YATES	535	63254	491	61400	1854	3.0%	-44
HOGAN	536	63085	488	61651	1434	2.3%	-48
MARSH	537	62304	494	60999	1305	2.1%	-43
MACIAS	538	62227	664	46739	15488	33.1%	126
VILLANUEVA	539	61883	703	44570	17313	38.8%	164
ZAMORA	540	61729	684	45806	15923	34.8%	144
PRATT	541	61671	500	59801	1870	3.1%	-41
STOKES	542	61639	510	58687	2952	5.0%	-32
OWEN	543	61630	496	60461	1169	1.9%	-47
BALLARD	544	61625	503	59660	1965	3.3%	-41
LANG	545	61529	499	59843	1686	2.8%	-46
BROCK	546	61369	502	59682	1687	2.8%	-44
VILLARREAL	547	61355	613	50351	11004	21.9%	66
CHARLES	548	61211	589	51518	9693	18.8%	41
DRAKE	549	61162	506	59055	2107	3.6%	-43
BARRERA	550	60998	713	43720	17278	39.5%	163
CAIN	551	60948	516	57873	3075	5.3%	-35
PATRICK	552	60845	513	58257	2588	4.4%	-39
PINEDA	553	60820	806	38999	21821	56.0%	253
BURNETT	554	60791	517	57859	2932	5.1%	-37
MERCADO	555	60761	674	46437	14324	30.8%	119
SANTANA	556	60667	710	43875	16792	38.3%	154
SHEPHERD	557	60479	515	57935	2544	4.4%	-42
BAUTISTA	558	60264	830	37847	22417	59.2%	272
ALI	559	60002	876	36079	23923	66.3%	317
SHAFFER	560	59943	505	59227	716	1.2%	-55
LAMB	561	59913	511	58555	1358	2.3%	-50
TREVINO	562	59882	612	50454	9428	18.7%	50
MCKENZIE	563	59595	544	55084	4511	8.2%	-19
HESS	564	59486	518	57822	1664	2.9%	-46
BEIL	565	59463	12347	2308	57155	2476.4%	11782
OLSEN	566	59356	521	57357	1999	3.5%	-45
COCHRAN	567	59350	514	58233	1117	1.9%	-53
MORTON	568	59213	509	58788	425	0.7%	-59
NASH	569	58714	601	51021	7693	15.1%	32
WILKINS	570	58634	532	56068	2566	4.6%	-38
PETERSEN	571	58480	543	55185	3295	6.0%	-28
BRIGGS	572	58408	522	57297	1111	1.9%	-50
SHAH	573	58287	831	37833	20454	54.1%	258
ROTH	574	58278	527	57030	1248	2.2%	-47
NICHOLSON	575	58151	534	55986	2165	3.9%	-41
HOLLOWAY	576	58040	540	55466	2574	4.6%	-36
LOZANO	577	57779	734	42567	15212	35.7%	157
FLOWERS	578	57549	560	54277	3272	6.0%	-18
RANGEL	578	57549	750	41868	15681	37.5%	172
HOOVER	580	57497	532	56068	1429	2.5%	-48
ARIAS	581	57477	787	40086	17391	43.4%	206
SHORT	581	57477	536	55903	1574	2.8%	-45
MORA	583	57464	759	41348	16116	39.0%	176
VALENZUELA	584	57383	711	43770	13613	31.1%	127
BRYAN	585	57143	542	55269	1874	3.4%	-43
MEYERS	586	57127	528	56744	383	0.7%	-58
WEISS	587	57112	531	56153	959	1.7%	-56
UNDERWOOD	588	57064	535	55973	1091	1.9%	-53
BASS	589	57044	559	54296	2748	5.1%	-30
GREER	590	57043	552	54611	2432	4.5%	-38
SUMMERS	591	56953	541	55391	1562	2.8%	-50
HOUSTON	592	56900	563	54026	2874	5.3%	-29
CARSON	593	56872	537	55821	1051	1.9%	-56
MORROW	594	56840	538	55664	1176	2.1%	-56
CLAYTON	595	56638	548	54875	1763	3.2%	-47
WHITAKER	596	56616	558	54343	2273	4.2%	-38
DECKER	597	56576	555	54450	2126	3.9%	-42
YODER	598	56410	707	44245	12165	27.5%	109
COLLIER	599	56380	556	54414	1966	3.6%	-43
ZUNIGA	600	56347	804	39057	17290	44.3%	204
CAREY	601	56322	547	54924	1398	2.5%	-54
WILCOX	602	56286	546	54987	1299	2.4%	-56
MELENDEZ	603	56230	744	42139	14091	33.4%	141
POOLE	604	56226	549	54706	1520	2.8%	-55
ROBERSON	605	56180	569	53198	2982	5.6%	-36
LARSEN	606	55960	572	52963	2997	5.7%	-34
CONLEY	607	55917	562	54194	1723	3.2%	-45
DAVENPORT	608	55895	561	54206	1689	3.1%	-47
COPELAND	609	55850	565	53771	2079	3.9%	-44
MASSEY	610	55595	568	53459	2136	4.0%	-42
LAM	611	55554	706	44385	11169	25.2%	95
HUFF	612	55484	564	53892	1592	3.0%	-48
ROCHA	613	55251	744	42139	13112	31.1%	131
CAMERON	614	55240	578	52439	2801	5.3%	-36
JEFFERSON	615	55179	594	51361	3818	7.4%	-21
HOOD	616	55174	566	53737	1437	2.7%	-50
MONROE	617	55136	567	53475	1661	3.1%	-50
ANTHONY	618	55114	580	52146	2968	5.7%	-38
PITTMAN	619	55021	573	52689	2332	4.4%	-46
HUYNH	620	54996	790	40011	14985	37.5%	170
RANDALL	621	54764	574	52495	2269	4.3%	-47
SINGLETON	622	54621	584	51797	2824	5.5%	-38
KIRK	623	54394	582	52056	2338	4.5%	-41
COMBS	624	54257	570	53180	1077	2.0%	-54
MATHIS	625	54217	585	51796	2421	4.7%	-40
CHRISTIAN	626	54198	597	51177	3021	5.9%	-29
SKINNER	627	54046	575	52490	1556	3.0%	-52
BRADFORD	628	54015	586	51726	2289	4.4%	-42
RICHARD	629	53893	581	52138	1755	3.4%	-48
GALVAN	630	53822	788	40046	13776	34.4%	158
WALL	631	53794	557	54401	-607	-1.1%	-74
BOONE	632	53792	587	51679	2113	4.1%	-45
KIRBY	633	53767	577	52473	1294	2.5%	-56
WILKINSON	634	53739	576	52483	1256	2.4%	-58
BRIDGES	635	53682	579	52260	1422	2.7%	-56
BRUCE	636	53419	583	52004	1415	2.7%	-53
ATKINSON	637	53376	592	51489	1887	3.7%	-45
VELEZ	638	53265	727	42820	10445	24.4%	89
MEZA	639	53230	835	37662	15568	41.3%	196
ROY	640	53159	621	49725	3434	6.9%	-19
VINCENT	641	53095	608	50628	2467	4.9%	-33
YORK	642	53059	596	51334	1725	3.4%	-46
HODGE	643	52920	610	50577	2343	4.6%	-33
VILLA	644	52817	797	39402	13415	34.0%	153
ABBOTT	645	52739	588	51620	1119	2.2%	-57
ALLISON	646	52701	590	51504	1197	2.3%	-56
TAPIA	647	52651	845	37201	15450	41.5%	198
GATES	648	52569	607	50748	1821	3.6%	-41
CHASE	649	52481	606	50777	1704	3.4%	-43
SOSA	650	52457	859	36813	15644	42.5%	209
SWEENEY	651	52410	591	51500	910	1.8%	-60
FARRELL	652	52321	599	51095	1226	2.4%	-53
WYATT	653	52211	604	50874	1337	2.6%	-49
DALTON	654	52184	615	50166	2018	4.0%	-39
HORN	655	52138	593	51380	758	1.5%	-62
BARRON	656	52070	678	46196	5874	12.7%	22
PHELPS	657	52044	598	51154	890	1.7%	-59
YU	658	52035	874	36285	15750	43.4%	216
DICKERSON	659	51889	602	51017	872	1.7%	-57
HEATH	660	51877	614	50307	1570	3.1%	-46
FOLEY	661	51865	605	50852	1013	2.0%	-56
ATKINS	662	51671	619	49754	1917	3.9%	-43
MATHEWS	663	51592	609	50608	984	1.9%	-54
BONILLA	664	51475	908	34824	16651	47.8%	244
ACEVEDO	665	51351	824	38232	13119	34.3%	159
BENITEZ	666	51288	957	33441	17847	53.4%	291
ZAVALA	667	51153	938	34068	17085	50.1%	271
HENSLEY	668	51081	618	49858	1223	2.5%	-50
GLENN	669	51043	627	49241	1802	3.7%	-42
CISNEROS	670	50920	850	37050	13870	37.4%	180
HARRELL	671	50837	638	48471	2366	4.9%	-33
SHIELDS	672	50832	623	49556	1276	2.6%	-49
RUBIO	673	50788	866	36531	14257	39.0%	193
CHOI	674	50786	872	36390	14396	39.6%	198
HUFFMAN	674	50786	620	49737	1049	2.1%	-54
BOYER	676	50742	622	49601	1141	2.3%	-54
GARRISON	677	50686	611	50482	204	0.4%	-66
ARROYO	678	50614	833	37678	12936	34.3%	155
BOND	679	50610	603	50980	-370	-0.7%	-76
KANE	680	50584	636	48527	2057	4.2%	-44
HANCOCK	681	50558	625	49330	1228	2.5%	-56
CALLAHAN	682	50524	617	49925	599	1.2%	-65
DILLON	683	50465	631	48833	1632	3.3%	-52
CLINE	684	50258	628	49167	1091	2.2%	-56
WIGGINS	685	50247	641	48355	1892	3.9%	-44
GRIMES	686	50245	626	49245	1000	2.0%	-60
ARELLANO	687	50104	905	34999	15105	43.2%	218
MELTON	688	50069	634	48594	1475	3.0%	-54
ONEILL	689	50028	633	48656	1372	2.8%	-56
SAVAGE	690	49914	640	48367	1547	3.2%	-50
HO	691	49817	778	40413	9404	23.3%	87
BELTRAN	692	49776	914	34736	15040	43.3%	222
PITTS	693	49740	639	48462	1278	2.6%	-54
PARRISH	694	49733	632	48823	910	1.9%	-62
PONCE	695	49549	895	35400	14149	40.0%	200
RICH	696	49481	654	47477	2004	4.2%	-42
BOOTH	697	49402	635	48580	822	1.7%	-62
KOCH	698	49395	657	47286	2109	4.5%	-41
GOLDEN	699	49360	648	47839	1521	3.2%	-51
WARE	700	49316	667	46682	2634	5.6%	-33
BRENNAN	701	49238	642	48296	942	2.0%	-59
MCDOWELL	702	49217	652	47526	1691	3.6%	-50
MARKS	703	49177	644	48281	896	1.9%	-59
CANTU	704	49126	793	39601	9525	24.1%	89
HUMPHREY	705	49056	655	47470	1586	3.3%	-50
BAXTER	706	49033	647	47857	1176	2.5%	-59
SAWYER	707	49028	646	47979	1049	2.2%	-61
CLAY	708	48844	677	46264	2580	5.6%	-31
TANNER	709	48813	675	46412	2401	5.2%	-34
HUTCHINSON	710	48781	649	47809	972	2.0%	-61
KAUR	711	48753	1501	21825	26928	123.4%	790
BERG	712	48746	637	48480	266	0.5%	-75
WILEY	713	48720	653	47503	1217	2.6%	-60
GILMORE	714	48719	661	47050	1669	3.5%	-53
RUSSO	715	48696	645	48126	570	1.2%	-70
VILLEGAS	716	48599	917	34684	13915	40.1%	201
HOBBS	717	48522	659	47220	1302	2.8%	-58
KEITH	718	48487	663	46747	1740	3.7%	-55
WILKERSON	719	48444	670	46605	1839	3.9%	-49
AHMED	720	48319	1206	26607	21712	81.6%	486
BEARD	721	48207	660	47128	1079	2.3%	-61
MCCLAIN	722	48165	688	45560	2605	5.7%	-34
MONTES	723	48142	901	35196	12946	36.8%	178
MATA	724	48120	907	34888	13232	37.9%	183
ROSARIO	725	48051	865	36539	11512	31.5%	140
VANG	726	48036	982	32333	15703	48.6%	256
WALTER	727	48024	651	47615	409	0.9%	-76
HENSON	728	48013	669	46609	1404	3.0%	-59
ONEAL	729	47979	680	46161	1818	3.9%	-49
MOSLEY	730	47963	699	44698	3265	7.3%	-31
MCCLURE	731	47742	672	46505	1237	2.7%	-59
BEASLEY	732	47693	679	46179	1514	3.3%	-53
STEPHENSON	733	47641	668	46662	979	2.1%	-65
SNOW	734	47528	687	45689	1839	4.0%	-47
HUERTA	735	47455	959	33348	14107	42.3%	224
PRESTON	736	47367	681	45850	1517	3.3%	-55
VANCE	737	47324	686	45763	1561	3.4%	-51
BARRY	738	47274	691	45044	2230	5.0%	-47
JOHNS	739	47246	656	47289	-43	-0.1%	-83
EATON	740	47184	676	46403	781	1.7%	-64
BLACKWELL	741	47175	673	46495	680	1.5%	-68
DYER	742	47170	671	46574	596	1.3%	-71
PRINCE	743	47168	700	44640	2528	5.7%	-43
MACDONALD	744	46717	685	45782	935	2.0%	-59
SOLOMON	745	46534	726	42839	3695	8.6%	-19
GUEVARA	746	46454	1039	30844	15610	50.6%	293
STAFFORD	747	46394	689	45349	1045	2.3%	-58
ENGLISH	748	46393	692	45032	1361	3.0%	-56
HURST	749	46244	702	44587	1657	3.7%	-47
WOODARD	750	46240	696	44830	1410	3.1%	-54
CORTES	751	46229	1061	30141	16088	53.4%	310
SHANNON	752	46147	693	44902	1245	2.8%	-59
KEMP	753	46146	698	44701	1445	3.2%	-55
NOLAN	754	46054	705	44421	1633	3.7%	-49
MCCULLOUGH	755	45852	708	44123	1729	3.9%	-47
MERRITT	756	45594	701	44626	968	2.2%	-55
MURILLO	757	45558	995	31964	13594	42.5%	238
MOON	758	45528	748	42062	3466	8.2%	-10
SALGADO	759	45469	1012	31627	13842	43.8%	253
STRONG	760	45432	718	43430	2002	4.6%	-42
KLINE	761	45390	694	44900	490	1.1%	-67
CORDOVA	762	45305	903	35074	10231	29.2%	141
BARAJAS	763	45153	989	32147	13006	40.5%	226
ROACH	764	45019	704	44454	565	1.3%	-60
ROSAS	765	44938	1030	31050	13888	44.7%	265
WINTERS	766	44914	712	43762	1152	2.6%	-54
JACOBSON	767	44808	695	44874	-66	-0.1%	-72
LESTER	768	44784	709	43919	865	2.0%	-59
KNOX	769	44742	724	42937	1805	4.2%	-45
BULLOCK	770	44740	722	43021	1719	4.0%	-48
KERR	771	44711	729	42758	1953	4.6%	-42
LEACH	772	44581	714	43666	915	2.1%	-58
MEADOWS	773	44500	725	42884	1616	3.8%	-48
DAVILA	774	44388	924	34541	9847	28.5%	150
ORR	774	44388	714	43666	722	1.7%	-60
WHITEHEAD	776	44373	721	43310	1063	2.5%	-55
PRUITT	777	44365	736	42463	1902	4.5%	-41
KENT	778	44325	733	42597	1728	4.1%	-45
CONWAY	779	44320	719	43395	925	2.1%	-60
MCKEE	780	44137	717	43555	582	1.3%	-63
BARR	781	44130	738	42432	1698	4.0%	-43
DAVID	782	44040	818	38659	5381	13.9%	36
DEJESUS	783	44038	1002	31803	12235	38.5%	219
MARIN	784	43904	1003	31786	12118	38.1%	219
BERGER	785	43851	716	43556	295	0.7%	-69
MCINTYRE	786	43842	742	42335	1507	3.6%	-44
BLANKENSHIP	787	43830	731	42663	1167	2.7%	-56
GAINES	788	43821	739	42369	1452	3.4%	-49
PALACIOS	789	43798	1057	30231	13567	44.9%	268
CUEVAS	790	43701	993	32015	11686	36.5%	203
BARTLETT	791	43648	735	42512	1136	2.7%	-56
DURHAM	792	43635	740	42365	1270	3.0%	-52
DORSEY	793	43631	763	41104	2527	6.1%	-30
MCCALL	794	43483	761	41231	2252	5.5%	-33
ODONNELL	795	43460	728	42802	658	1.5%	-67
STEIN	796	43389	720	43331	58	0.1%	-76
BROWNING	797	43329	732	42642	687	1.6%	-65
STOUT	798	43305	730	42669	636	1.5%	-68
LOWERY	799	43278	752	41670	1608	3.9%	-47
SLOAN	800	43261	743	42281	980	2.3%	-57
MCLEAN	801	43260	768	40871	2389	5.8%	-33
HENDRICKS	802	43197	749	41879	1318	3.1%	-53
CALHOUN	803	43180	757	41452	1728	4.2%	-46
SEXTON	804	43133	747	42080	1053	2.5%	-57
CHUNG	805	43110	870	36422	6688	18.4%	65
GENTRY	806	43027	741	42357	670	1.6%	-65
HULL	807	43018	754	41656	1362	3.3%	-53
DUARTE	808	42983	997	31896	11087	34.8%	189
ELLISON	809	42827	756	41459	1368	3.3%	-53
NIELSEN	810	42773	765	41007	1766	4.3%	-45
GILLESPIE	811	42693	758	41393	1300	3.1%	-53
BUCK	812	42639	737	42441	198	0.5%	-75
MIDDLETON	813	42578	771	40708	1870	4.6%	-42
SELLERS	814	42577	755	41561	1016	2.4%	-59
LEBLANC	815	42575	767	40923	1652	4.0%	-48
ESPARZA	816	42559	971	32772	9787	29.9%	155
HARDIN	817	42469	753	41664	805	1.9%	-64
BRADSHAW	818	42465	769	40794	1671	4.1%	-49
MCINTOSH	819	42379	777	40453	1926	4.8%	-42
HOWE	820	42265	775	40555	1710	4.2%	-45
LIVINGSTON	821	42103	766	40964	1139	2.8%	-55
FROST	822	42015	774	40582	1433	3.5%	-48
GLASS	823	41802	770	40724	1078	2.6%	-53
MORSE	824	41774	762	41112	662	1.6%	-62
KNAPP	825	41771	760	41267	504	1.2%	-65
HERMAN	826	41750	746	42091	-341	-0.8%	-80
STARK	827	41735	751	41863	-128	-0.3%	-76
BRAVO	828	41700	1165	27576	14124	51.2%	337
NOBLE	829	41667	784	40217	1450	3.6%	-45
SPEARS	830	41665	785	40203	1462	3.6%	-45
WEEKS	831	41565	764	41053	512	1.2%	-67
CORONA	832	41553	1081	29525	12028	40.7%	249
FREDERICK	833	41394	791	39909	1485	3.7%	-42
BUCKLEY	834	41348	772	40706	642	1.6%	-62
MCFARLAND	835	41300	782	40244	1056	2.6%	-53
HEBERT	836	41275	781	40283	992	2.5%	-55
ENRIQUEZ	837	41271	1072	29886	11385	38.1%	235
HICKMAN	838	41163	783	40224	939	2.3%	-55
QUINTERO	839	41158	1070	29952	11206	37.4%	231
RANDOLPH	840	41129	792	39742	1387	3.5%	-48
SCHAEFER	841	41063	773	40663	400	1.0%	-68
WALLS	842	41025	801	39166	1859	4.7%	-41
TREJO	843	41021	1172	27383	13638	49.8%	329
HOUSE	844	41000	776	40477	523	1.3%	-68
REILLY	845	40884	780	40310	574	1.4%	-65
PENNINGTON	846	40854	779	40339	515	1.3%	-67
MICHAEL	847	40736	798	39369	1367	3.5%	-49
CONRAD	848	40707	786	40102	605	1.5%	-62
GILES	849	40598	805	39002	1596	4.1%	-44
BENJAMIN	850	40590	868	36439	4151	11.4%	18
CROSBY	851	40563	811	38844	1719	4.4%	-40
FITZPATRICK	852	40449	794	39501	948	2.4%	-58
DONOVAN	853	40410	799	39270	1140	2.9%	-54
MAYS	854	40408	809	38914	1494	3.8%	-45
MAHONEY	855	40397	795	39440	957	2.4%	-60
VALENTINE	856	40395	834	37669	2726	7.2%	-22
RAYMOND	857	40275	825	38158	2117	5.5%	-32
MEDRANO	858	40261	1091	29386	10875	37.0%	233
HAHN	859	40250	822	38354	1896	4.9%	-37
MCMILLAN	860	40237	810	38896	1341	3.4%	-50
SMALL	861	40212	681	45850	-5638	-12.3%	-180
BENTLEY	862	40193	814	38714	1479	3.8%	-48
FELIX	863	40165	1011	31631	8534	27.0%	148
PECK	864	40055	796	39432	623	1.6%	-68
LUCERO	865	39986	945	33922	6064	17.9%	80
BOYLE	866	39921	802	39141	780	2.0%	-64
HANNA	867	39890	887	35599	4291	12.1%	20
PACE	868	39879	807	38975	904	2.3%	-61
RUSH	869	39802	839	37470	2332	6.2%	-30
HURLEY	870	39796	808	38971	825	2.1%	-62
HARDING	871	39787	823	38340	1447	3.8%	-48
MCCONNELL	872	39754	800	39203	551	1.4%	-72
BERNAL	873	39693	1089	29418	10275	34.9%	216
NAVA	874	39670	1212	26463	13207	49.9%	338
AYERS	875	39623	812	38836	787	2.0%	-63
EVERETT	876	39593	816	38702	891	2.3%	-60
VENTURA	877	39580	1196	26769	12811	47.9%	319
AVERY	878	39564	840	37440	2124	5.7%	-38
PUGH	879	39559	817	38691	868	2.2%	-62
MAYER	880	39555	803	39111	444	1.1%	-77
BENDER	881	39551	821	38464	1087	2.8%	-60
SHEPARD	882	39430	815	38705	725	1.9%	-67
MCMAHON	883	39411	819	38557	854	2.2%	-64
LANDRY	884	39391	828	37961	1430	3.8%	-56
CASE	885	39319	813	38759	560	1.4%	-72
SAMPSON	886	39277	844	37234	2043	5.5%	-42
MOSES	887	39216	858	36814	2402	6.5%	-29
MAGANA	888	39105	1166	27571	11534	41.8%	278
BLACKBURN	889	39097	826	38137	960	2.5%	-63
DUNLAP	890	39063	820	38516	547	1.4%	-70
GOULD	891	38924	836	37660	1264	3.4%	-55
DUFFY	892	38835	827	37962	873	2.3%	-65
VAUGHAN	893	38830	837	37591	1239	3.3%	-56
HERRING	894	38733	841	37353	1380	3.7%	-53
MCKAY	895	38681	853	36948	1733	4.7%	-42
ESPINOSA	896	38667	1047	30538	8129	26.6%	151
RIVERS	897	38662	879	35980	2682	7.5%	-18
FARLEY	898	38528	849	37116	1412	3.8%	-49
BERNARD	899	38512	864	36546	1966	5.4%	-35
ASHLEY	900	38499	852	37021	1478	4.0%	-48
FRIEDMAN	901	38374	857	36833	1541	4.2%	-44
POTTS	902	38277	832	37687	590	1.6%	-70
TRUONG	903	38267	1157	27808	10459	37.6%	254
COSTA	904	38265	900	35227	3038	8.6%	-4
CORREA	905	38232	1109	28910	9322	32.2%	204
BLEVINS	906	38229	856	36841	1388	3.8%	-50
NIXON	907	38147	877	36037	2110	5.9%	-30
CLEMENTS	908	38044	843	37237	807	2.2%	-65
FRY	909	38029	838	37542	487	1.3%	-71
DELAROSA	910	37932	1137	28134	9798	34.8%	227
BEST	911	37923	855	36862	1061	2.9%	-56
BENTON	912	37912	851	37032	880	2.4%	-61
LUGO	913	37903	1092	29328	8575	29.2%	179
PORTILLO	914	37890	1353	24008	13882	57.8%	439
DOUGHERTY	915	37884	829	37903	-19	-0.1%	-86
CRANE	916	37870	848	37123	747	2.0%	-68
HALEY	917	37858	869	36433	1425	3.9%	-48
PHAN	918	37836	1193	26903	10933	40.6%	275
VILLALOBOS	919	37754	1188	27107	10647	39.3%	269
BLANCHARD	920	37695	860	36764	931	2.5%	-60
HORNE	921	37689	873	36288	1401	3.9%	-48
FINLEY	922	37672	854	36874	798	2.2%	-68
QUINTANA	923	37657	1073	29755	7902	26.6%	150
LYNN	924	37644	847	37125	519	1.4%	-77
ESQUIVEL	925	37578	1220	26301	11277	42.9%	295
BEAN	926	37571	846	37145	426	1.1%	-80
DODSON	927	37566	842	37298	268	0.7%	-85
MULLEN	928	37502	867	36442	1060	2.9%	-61
XIONG	929	37499	1219	26336	11163	42.4%	290
HAYDEN	930	37451	878	36024	1427	4.0%	-52
CANO	931	37368	1185	27179	10189	37.5%	254
LEVY	932	37228	892	35464	1764	5.0%	-40
HUBER	933	37170	861	36729	441	1.2%	-72
RICHMOND	934	37053	882	35715	1338	3.7%	-52
MOYER	935	37050	871	36421	629	1.7%	-64
LIM	936	37021	1170	27433	9588	35.0%	234
FRYE	937	36973	862	36716	257	0.7%	-75
SHEPPARD	938	36960	889	35554	1406	4.0%	-49
MCCARTY	939	36944	881	35718	1226	3.4%	-58
AVALOS	940	36922	1246	25875	11047	42.7%	306
BOOKER	941	36840	902	35101	1739	5.0%	-39
WALLER	942	36805	904	35001	1804	5.2%	-38
PARRA	943	36765	1203	26654	10111	37.9%	260
WOODWARD	944	36764	875	36242	522	1.4%	-69
JARAMILLO	945	36755	1144	28024	8731	31.2%	199
KRUEGER	946	36743	863	36694	49	0.1%	-83
RASMUSSEN	947	36636	893	35453	1183	3.3%	-54
BRANDT	948	36613	885	35616	997	2.8%	-63
PERALTA	949	36585	1305	24713	11872	48.0%	356
DONALDSON	950	36558	897	35387	1171	3.3%	-53
STUART	951	36540	883	35701	839	2.4%	-68
FAULKNER	952	36466	896	35389	1077	3.0%	-56
MAYNARD	953	36460	884	35648	812	2.3%	-69
GALINDO	954	36429	1199	26730	9699	36.3%	245
COFFEY	955	36423	894	35442	981	2.8%	-61
ESTES	956	36318	880	35839	479	1.3%	-76
SANFORD	957	36312	888	35565	747	2.1%	-69
BURCH	958	36269	891	35521	748	2.1%	-67
MADDOX	959	36250	906	34970	1280	3.7%	-53
VO	960	36236	1296	24956	11280	45.2%	336
OCONNELL	961	36194	886	35610	584	1.6%	-75
VU	962	36179	1247	25828	10351	40.1%	285
ANDERSEN	963	36150	954	33508	2642	7.9%	-9
SPENCE	964	36129	928	34435	1694	4.9%	-36
MCPHERSON	965	36125	913	34763	1362	3.9%	-52
CHURCH	966	36072	890	35539	533	1.5%	-76
SCHMITT	967	36043	898	35326	717	2.0%	-69
STANTON	968	35997	909	34812	1185	3.4%	-59
LEAL	969	35958	1133	28248	7710	27.3%	164
CHERRY	970	35877	922	34615	1262	3.6%	-48
COMPTON	971	35830	910	34788	1042	3.0%	-61
DUDLEY	972	35781	912	34770	1011	2.9%	-60
SIERRA	973	35770	1227	26181	9589	36.6%	254
POLLARD	974	35749	937	34079	1670	4.9%	-37
ALFARO	975	35725	1346	24108	11617	48.2%	371
HESTER	976	35642	919	34675	967	2.8%	-57
PROCTOR	977	35636	918	34682	954	2.8%	-59
LU	978	35628	1424	22977	12651	55.1%	446
HINTON	979	35606	962	33209	2397	7.2%	-17
NOVAK	980	35461	899	35282	179	0.5%	-81
GOOD	981	35446	929	34430	1016	3.0%	-52
MADDEN	982	35438	926	34472	966	2.8%	-56
MCCANN	983	35408	916	34692	716	2.1%	-67
TERRELL	983	35408	946	33914	1494	4.4%	-37
JARVIS	985	35350	939	34050	1300	3.8%	-46
DICKSON	986	35312	915	34698	614	1.8%	-71
REYNA	987	35291	1181	27215	8076	29.7%	194
CANTRELL	988	35266	920	34674	592	1.7%	-68
MAYO	989	35228	965	33126	2102	6.3%	-24
BRANCH	990	35225	967	33040	2185	6.6%	-23
HENDRIX	991	35194	941	34032	1162	3.4%	-50
ROLLINS	992	35132	949	33797	1335	4.0%	-43
ROWLAND	993	35121	925	34498	623	1.8%	-68
WHITNEY	994	35118	934	34251	867	2.5%	-60
DUKE	995	35053	952	33745	1308	3.9%	-43
ODOM	996	35020	953	33717	1303	3.9%	-43
DAUGHERTY	997	34987	921	34650	337	1.0%	-76
TRAVIS	998	34985	960	33339	1646	4.9%	-38
TANG	999	34961	1269	25446	9515	37.4%	270
COPPERTONE